(1, [255], 316.4250223636627) 
(1, [125], 230.8132860660553) 
(1, [235], 337.9335107803345) 
(1, [275], 303.10564947128296) 
(1, [81], 500) 
(1, [72], 235.1019151210785) 
(1, [149], 244.3072111606598) 
(1, [150], 283.0162491798401) 
(1, [82], 244.32842683792114) 
(1, [214], 303.2263970375061) 
(2, [209, 217], 500) 
(2, [155, 200], 500) 
(2, [284, 185], 500) 
(2, [32, 232], 500) 
(2, [138, 142], 500) 
(2, [264, 206], 500) 
(2, [93, 67], 500) 
(2, [21, 117], 500) 
(2, [166, 218], 500) 
(2, [229, 259], 500) 
(3, [267, 270, 128], 500) 
(3, [239, 218, 135], 500) 
(3, [162, 106, 288], 500) 
(3, [207, 35, 44], 500) 
(3, [257, 217, 137], 500) 
(3, [140, 141, 176], 500) 
(3, [135, 140, 177], 500) 
(3, [177, 29, 62], 500) 
(3, [280, 252, 103], 500) 
(3, [87, 153, 284], 500) 
