(1, [82], 52.14592432975769) 
(1, [239], 500) 
(1, [296], 197.58429050445557) 
(1, [248], 500) 
(1, [283], 166.86731839179993) 
(1, [164], 88.78445363044739) 
(1, [127], 90.65338706970215) 
(1, [74], 116.74135541915894) 
(1, [262], 500) 
(1, [198], 110.72269296646118) 
(2, [71, 256], 166.2418282032013) 
(2, [120, 282], 178.9425675868988) 
(2, [277, 70], 95.5779550075531) 
(2, [73, 235], 85.4057993888855) 
(2, [211, 144], 55.27131772041321) 
(2, [251, 129], 155.79747724533081) 
(2, [74, 238], 102.67858266830444) 
(2, [170, 54], 165.42451453208923) 
(2, [140, 245], 48.237680196762085) 
(2, [255, 92], 106.9179892539978) 
(3, [133, 182, 208], 155.65462374687195) 
(3, [211, 299, 110], 500) 
(3, [140, 226, 256], 500) 
(3, [189, 239, 115], 500) 
(3, [297, 88, 271], 233.9404535293579) 
(3, [173, 157, 156], 125.59338235855103) 
(3, [282, 100, 161], 500) 
(3, [102, 42, 204], 63.943185329437256) 
(3, [41, 31, 286], 253.85360765457153) 
(3, [199, 44, 47], 38.54833388328552) 
(4, [132, 120, 108, 102], 61.64648509025574) 
(4, [298, 168, 269, 56], 500) 
(4, [156, 144, 288, 90], 391.2987337112427) 
(4, [176, 258, 169, 195], 250.12189412117004) 
(4, [117, 64, 170, 92], 114.8666021823883) 
(4, [99, 216, 288, 255], 309.4472556114197) 
(4, [283, 153, 235, 134], 500) 
(4, [49, 269, 89, 211], 500) 
(4, [150, 83, 143, 88], 52.25731110572815) 
(4, [155, 171, 121, 185], 141.48081946372986) 
