(1, [215], 122.70167970657349) 
(1, [165], 131.06003665924072) 
(1, [268], 121.62687087059021) 
(1, [295], 134.73656225204468) 
(1, [31], 205.70360279083252) 
(1, [52], 114.08235692977905) 
(1, [83], 91.14133167266846) 
(1, [129], 114.34117293357849) 
(1, [152], 156.47517895698547) 
(1, [60], 144.59421825408936) 
(2, [174, 100], 293.6865563392639) 
(2, [50, 202], 434.6582808494568) 
(2, [53, 145], 301.64666748046875) 
(2, [217, 82], 341.83041644096375) 
(2, [24, 234], 313.1545488834381) 
(2, [20, 76], 267.5414161682129) 
(2, [65, 247], 368.08853340148926) 
(2, [32, 260], 500) 
(2, [272, 89], 500) 
(2, [154, 187], 301.69455218315125) 
(3, [298, 250, 203], 500) 
(3, [233, 280, 42], 500) 
(3, [157, 191, 276], 500) 
(3, [129, 112, 165], 284.27584409713745) 
(3, [245, 192, 179], 500) 
(3, [296, 222, 82], 500) 
(3, [184, 28, 204], 379.3227651119232) 
(3, [262, 30, 130], 380.98496985435486) 
(3, [131, 34, 214], 310.7753164768219) 
(3, [86, 206, 293], 500) 
(4, [264, 164, 193, 24], 500) 
(4, [38, 279, 288, 164], 500) 
(4, [127, 43, 26, 89], 219.30895733833313) 
(4, [205, 75, 268, 232], 500) 
(4, [99, 256, 98, 220], 500) 
(4, [224, 36, 200, 70], 500) 
(4, [59, 21, 62, 298], 382.65939831733704) 
(4, [110, 121, 183, 142], 500) 
(4, [86, 180, 128, 59], 500) 
(4, [201, 96, 290, 101], 500) 
